Percentage served,Time in ms
0,0.052
1,0.053
2,0.054
3,0.054
4,0.054
5,0.054
6,0.054
7,0.055
8,0.055
9,0.056
10,0.057
11,0.058
12,0.058
13,0.059
14,0.059
15,0.059
16,0.059
17,0.059
18,0.059
19,0.059
20,0.060
21,0.060
22,0.060
23,0.060
24,0.060
25,0.060
26,0.061
27,0.061
28,0.061
29,0.061
30,0.061
31,0.061
32,0.062
33,0.062
34,0.062
35,0.062
36,0.062
37,0.062
38,0.062
39,0.062
40,0.062
41,0.062
42,0.062
43,0.062
44,0.062
45,0.062
46,0.062
47,0.062
48,0.062
49,0.062
50,0.062
51,0.062
52,0.062
53,0.062
54,0.063
55,0.063
56,0.063
57,0.063
58,0.063
59,0.063
60,0.063
61,0.063
62,0.063
63,0.064
64,0.064
65,0.064
66,0.065
67,0.065
68,0.066
69,0.066
70,0.067
71,0.068
72,0.069
73,0.072
74,0.074
75,0.075
76,0.076
77,0.077
78,0.080
79,0.081
80,0.084
81,0.085
82,0.086
83,0.088
84,0.089
85,0.092
86,0.095
87,0.096
88,0.097
89,0.098
90,0.099
91,0.100
92,0.102
93,0.105
94,0.109
95,0.114
96,0.120
97,0.130
98,0.143
99,0.168
